[0,10,420,311]
[1,10,373,345]
[2,3,500,392]
[3,1,425,400]
[4,9,369,329]
[5,6,548,435]
[6,3,361,340]
[7,3,405,383]
[8,3,507,365]
[9,3,410,377]
[10,8,431,398]
[11,8,522,310]
[12,8,543,442]
[13,3,522,394]
[14,7,529,444]
[15,10,393,315]
[16,3,508,308]
[17,2,542,432]
[18,2,550,309]
[19,1,474,473]
[20,11,395,358]
[21,8,473,354]
[22,7,406,376]
[23,6,364,361]
[24,5,381,312]
[25,8,410,337]
[26,3,364,315]
[27,3,420,356]
[28,5,461,322]
[29,5,367,300]
[30,8,441,399]
[31,7,373,329]
[32,4,406,304]
[33,8,539,443]
[34,8,483,470]
[35,1,364,333]
[36,8,499,418]
[37,2,423,407]
[38,5,350,343]
[39,11,425,332]
[40,2,516,397]
[41,4,483,356]
[42,3,466,458]
[43,2,430,307]
[44,1,515,490]
[45,6,508,330]
[46,6,475,320]
[47,8,409,380]
[48,11,358,322]
[49,11,415,360]
[50,10,390,327]
[51,7,385,317]
[52,11,359,326]
[53,2,477,452]
[54,1,433,306]
[55,10,479,403]
[56,5,389,325]
[57,9,500,328]
[58,10,462,352]
[59,7,419,369]
[60,4,415,361]
[61,9,531,460]
[62,6,502,312]
[63,5,521,489]
[64,2,527,504]
[65,3,445,361]
[66,1,505,410]
[67,9,386,317]
[68,9,466,363]
[69,2,472,342]
[70,1,464,463]
[71,10,425,404]
[72,11,514,331]
[73,3,526,434]
[74,4,377,306]
[75,9,379,333]
[76,11,533,490]
[77,2,453,381]
[78,9,513,324]
[79,2,437,336]
[80,5,396,342]
[81,3,355,321]
[82,11,491,411]
[83,11,352,333]
[84,4,409,391]
[85,10,417,350]
[86,2,518,344]
[87,9,447,381]
[88,10,376,374]
[89,3,493,305]
[90,4,393,323]
[91,6,486,371]
[92,1,529,446]
[93,3,494,379]
[94,7,359,336]
[95,9,452,447]
[96,7,433,322]
[97,11,429,317]
[98,3,378,322]
[99,3,509,428]
[100,1,463,415]
[101,7,449,350]
[102,9,435,431]
[103,8,441,369]
[104,10,350,332]
[105,11,373,364]
[106,2,514,401]
[107,2,438,324]
[108,11,429,395]
[109,8,509,466]
[110,11,506,497]
[111,3,483,405]
[112,1,385,306]
[113,10,544,347]
[114,8,493,414]
[115,10,475,373]
[116,7,350,316]
[117,1,378,360]
[118,8,366,348]
[119,5,496,461]
[120,3,541,396]
[121,8,412,317]
[122,1,525,482]
[123,7,443,363]
[124,9,495,315]
[125,2,384,329]
[126,1,481,311]
[127,7,406,334]
[128,2,369,362]
[129,8,376,301]
[130,10,458,368]
[131,4,432,314]
[132,2,529,332]
[133,11,444,330]
[134,8,351,334]
[135,4,376,325]
[136,9,506,387]
[137,5,508,331]
[138,3,373,336]
[139,4,513,425]
[140,2,499,306]
[141,2,451,308]
[142,6,504,378]
[143,3,379,317]
[144,4,433,318]
[145,7,480,391]
[146,11,372,339]
[147,7,479,448]
[148,1,488,386]
[149,10,350,300]
[150,9,493,484]
[151,1,546,348]
[152,10,351,316]
[153,8,543,368]
[154,3,374,334]
[155,10,516,504]
[156,3,505,497]
[157,7,419,376]
[158,4,545,393]
[159,8,356,354]
[160,10,438,387]
[161,9,418,413]
[162,2,376,357]
[163,10,488,355]
[164,6,417,325]
[165,5,451,370]
[166,10,422,379]
[167,9,498,486]
[168,3,397,378]
[169,7,522,409]
[170,5,501,453]
[171,1,533,332]
[172,5,439,417]
[173,1,378,309]
[174,7,518,449]
[175,6,447,426]
[176,5,524,384]
[177,6,392,353]
[178,3,370,367]
[179,6,366,354]
[180,6,493,341]
[181,7,392,309]
[182,4,408,368]
[183,8,362,322]
